SimulationTime 60
SimulationStepTime 5
Conductivity 401
Alfa 300
AmbientTemp 20
InitialTemp 103
Density 8920
SpecificHeat 380
NodesNumber 25
ElementsNumber 16
*Node
1,	-0.007310833,	0.007310833
2,	0.007310833,	0.007310833
3,	-0.007310833,	-0.007310833
4,	0.007310833,	-0.007310833
5,	-0.009365855,	-0.003997632
6,	-0.010051162,	0
7,	-0.009365855,	0.003997632
8,	-0.003997632,	0.009365855
9,	0,	0.010051162
10,	0.003997632,	0.009365855
11,	0.009365855,	0.003997632
12,	0.010051162,	0
13,	0.009365855,	-0.003997632
14,	0.003997632,	-0.009365855
15,	0,	-0.010051162
16,	-0.003997632,	-0.009365855
17,	-0.004721009,	0.004721009
18,	0,	0.005025592
19,	0.004721009,	0.004721009
20,	-0.005025592,	0
21,	0,	0
22,	0.005025592	0
23,	-0.004721009,	-0.004721009
24,	0,	-0.005025592
25,	0.004721009,	-0.004721009
*Element, type=DC2D4
1, 2, 10, 19, 11
2, 10, 9, 18, 19
3, 9, 8, 17, 18
4, 8, 1, 7, 17
5, 11, 19, 22, 12
6, 19, 18, 21, 22
7, 18, 17, 20, 21
8, 17, 7, 6, 20
9, 12, 22, 25, 13
10, 22, 21, 24, 25
11, 21, 20, 23, 24
12, 20, 6, 5, 23
13, 13, 25, 14, 4
14, 25, 24, 15, 14
15, 24, 23, 16, 15
16, 23, 5, 3, 16
*BC
1, 8, 9, 10, 2, 11, 12, 13, 4, 14, 15, 16, 3, 5, 6, 7